82.29
82.35
83.0
83.06
84.39
84.41
85.1
87.82
87.64
87.48
87.31
87.21
87.06
52.35
52.35
52.36
52.36
52.28
52.28
52.29
52.3
52.39
52.4
52.48
52.48
52.49
52.5
62.73
62.7
62.53
62.5
62.34
62.31
62.15
62.12
62.03
62.01
61.91
61.89
61.79
61.77
61.66
61.65
61.63
61.62
61.59
61.58
61.55
61.54
61.52
61.4
61.44
61.47
61.51
61.54
61.57
61.68
61.72
61.82
61.86
61.97
62.01
62.11
62.15
62.27
62.31
62.43
62.47
62.61
62.64
62.78
62.8
62.95
62.97
63.12
63.14
63.29
63.3
63.47
63.48
63.56
63.57
63.65
63.65
63.65
63.65
63.72
63.64
63.55
63.39
63.29
63.13
62.95
62.8
62.6
62.46
62.26
62.12
61.9
61.77
61.55
61.42
61.2
61.08
60.85
60.74
60.51
60.4
60.14
